,date_RU,ncumul_conf_RU,new_cases_RU
0,2020-03-12,34,34
1,2020-03-13,45,11
2,2020-03-14,59,14
3,2020-03-15,63,4
4,2020-03-16,91,28
5,2020-03-17,114,23
6,2020-03-18,147,33
7,2020-03-19,199,52
8,2020-03-20,253,54
9,2020-03-21,306,53
10,2020-03-22,367,61
11,2020-03-23,438,71
12,2020-03-24,495,57
13,2020-03-25,658,163
14,2020-03-26,840,182
15,2020-03-27,1036,196
16,2020-03-28,1264,228
17,2020-03-29,1534,270
18,2020-03-30,1836,302
19,2020-03-31,2337,501
20,2020-04-01,2777,440
21,2020-04-02,3548,771
22,2020-04-03,4149,601
23,2020-04-04,4731,582
24,2020-04-05,5389,658
25,2020-04-06,6343,954
26,2020-04-07,7497,1154
27,2020-04-08,8672,1175
28,2020-04-09,10131,1459
29,2020-04-10,11917,1786
30,2020-04-11,13584,1667
31,2020-04-12,15759,2175
32,2020-04-13,18328,2569
33,2020-04-14,21102,2774
34,2020-04-15,24490,3388
35,2020-04-16,27938,3448
36,2020-04-17,32008,4070
37,2020-04-18,36793,4785
38,2020-04-19,42853,6060
39,2020-04-20,47121,4268
40,2020-04-21,52763,5642
41,2020-04-22,57999,5236
42,2020-04-23,62773,4774
43,2020-04-24,68622,5849
44,2020-04-25,74588,5966
45,2020-04-26,80949,6361
46,2020-04-27,87147,6198
47,2020-04-28,93558,6411
48,2020-04-29,99399,5841
49,2020-04-30,106498,7099
50,2020-05-01,114431,7933
51,2020-05-02,124054,9623
52,2020-05-03,134687,10633
53,2020-05-04,145268,10581
54,2020-05-05,155370,10102
55,2020-05-06,165929,10559
56,2020-05-07,177160,11231
57,2020-05-08,187859,10699
58,2020-05-09,198676,10817
59,2020-05-10,209688,11012
60,2020-05-11,221344,11656
61,2020-05-12,232243,10899
62,2020-05-13,242271,10028
63,2020-05-14,252245,9974
64,2020-05-15,262843,10598
65,2020-05-16,272043,9200
66,2020-05-17,281752,9709
67,2020-05-18,290678,8926
68,2020-05-19,299941,9263
69,2020-05-20,308705,8764
70,2020-05-21,317554,8849
71,2020-05-22,326448,8894
72,2020-05-23,335882,9434
73,2020-05-24,344481,8599
74,2020-05-25,353427,8946
75,2020-05-26,362342,8915
76,2020-05-27,370680,8338
77,2020-05-28,379051,8371
78,2020-05-29,387623,8572
79,2020-05-30,396575,8952
80,2020-05-31,405843,9268
81,2020-06-01,414878,9035
82,2020-06-02,423741,8863
83,2020-06-03,432277,8536
84,2020-06-04,441108,8831
85,2020-06-05,449834,8726
86,2020-06-06,458689,8855
87,2020-06-07,467673,8984
88,2020-06-08,476658,8985
89,2020-06-09,485253,8595
90,2020-06-10,493657,8404
91,2020-06-11,502436,8779
92,2020-06-12,511423,8987
93,2020-06-13,520129,8706
94,2020-06-14,528964,8835
95,2020-06-15,537210,8246
96,2020-06-16,545458,8248
97,2020-06-17,553301,7843
98,2020-06-18,561091,7790
99,2020-06-19,569063,7972
100,2020-06-20,576952,7889
101,2020-06-21,584680,7728
102,2020-06-22,592280,7600
103,2020-06-23,599705,7425
104,2020-06-24,606881,7176
105,2020-06-25,613994,7113
106,2020-06-26,620794,6800
107,2020-06-27,627646,6852
108,2020-06-28,634437,6791
109,2020-06-29,641156,6719
110,2020-06-30,647849,6693
111,2020-07-01,654405,6556
112,2020-07-02,661165,6760
113,2020-07-03,667883,6718
114,2020-07-04,674515,6632
115,2020-07-05,681251,6736
116,2020-07-06,687862,6611
117,2020-07-07,694230,6368
118,2020-07-08,700792,6562
119,2020-07-09,707301,6509
120,2020-07-10,713936,6635
121,2020-07-11,720547,6611
122,2020-07-12,727162,6615
123,2020-07-13,733699,6537
124,2020-07-14,739947,6248
125,2020-07-15,746369,6422
126,2020-07-16,752797,6428
127,2020-07-17,759203,6406
128,2020-07-18,765437,6234
129,2020-07-19,771546,6109
130,2020-07-20,777486,5940
131,2020-07-21,783328,5842
132,2020-07-22,789190,5862
133,2020-07-23,795038,5848
134,2020-07-24,800849,5811
135,2020-07-25,806720,5871
136,2020-07-26,812485,5765
137,2020-07-27,818120,5635
138,2020-07-28,823515,5395
139,2020-07-29,828990,5475
140,2020-07-30,834499,5509
141,2020-07-31,839981,5482
142,2020-08-01,845443,5462
143,2020-08-02,850870,5427
144,2020-08-03,856264,5394
145,2020-08-04,861423,5159
146,2020-08-05,866627,5204
147,2020-08-06,871894,5267
148,2020-08-07,877135,5241
149,2020-08-08,882347,5212
150,2020-08-09,887536,5189
151,2020-08-10,892654,5118
152,2020-08-11,897599,4945
153,2020-08-12,902701,5102
154,2020-08-13,907758,5057
155,2020-08-14,912823,5065
156,2020-08-15,917884,5061
157,2020-08-16,922853,4969
158,2020-08-17,927745,4892
159,2020-08-18,932493,4748
160,2020-08-19,937321,4828
161,2020-08-20,942106,4785
162,2020-08-21,946976,4870
163,2020-08-22,951897,4921
164,2020-08-23,956749,4852
165,2020-08-24,961493,4744
166,2020-08-25,966189,4696
167,2020-08-26,970865,4676
168,2020-08-27,975576,4711
169,2020-08-28,980405,4829
170,2020-08-29,985346,4941
171,2020-08-30,990326,4980
172,2020-08-31,995319,4993
173,2020-09-01,1000048,4729
174,2020-09-02,1005000,4952
175,2020-09-03,1009995,4995
176,2020-09-04,1015105,5110
177,2020-09-05,1020310,5205
178,2020-09-06,1025505,5195
179,2020-09-07,1030690,5185
180,2020-09-08,1035789,5099
181,2020-09-09,1041007,5218
182,2020-09-10,1046370,5363
183,2020-09-11,1051874,5504
184,2020-09-12,1057362,5488
185,2020-09-13,1062811,5449
186,2020-09-14,1068320,5509
187,2020-09-15,1073849,5529
188,2020-09-16,1079519,5670
189,2020-09-17,1085281,5762
190,2020-09-18,1091186,5905
191,2020-09-19,1097251,6065
192,2020-09-20,1103399,6148
193,2020-09-21,1109595,6196
194,2020-09-22,1115810,6215
195,2020-09-23,1122241,6431
196,2020-09-24,1128836,6595
197,2020-09-25,1136048,7212
198,2020-09-26,1143571,7523
199,2020-09-27,1151438,7867
200,2020-09-28,1159573,8135
201,2020-09-29,1167805,8232
202,2020-09-30,1176286,8481
203,2020-10-01,1185231,8945
204,2020-10-02,1194643,9412
205,2020-10-03,1204502,9859
206,2020-10-04,1215001,10499
207,2020-10-05,1225889,10888
208,2020-10-06,1237504,11615
209,2020-10-07,1248619,11115
210,2020-10-08,1260112,11493
211,2020-10-09,1272238,12126
212,2020-10-10,1285084,12846
213,2020-10-11,1298718,13634
214,2020-10-12,1312310,13592
215,2020-10-13,1326178,13868
216,2020-10-14,1340409,14231
217,2020-10-15,1354163,13754
218,2020-10-16,1369313,15150
219,2020-10-17,1384235,14922
220,2020-10-18,1399334,15099
221,2020-10-19,1415316,15982
222,2020-10-20,1431635,16319
223,2020-10-21,1447335,15700
224,2020-10-22,1463306,15971
225,2020-10-23,1480646,17340
226,2020-10-24,1497167,16521
227,2020-10-25,1513877,16710
228,2020-10-26,1531224,17347
229,2020-10-27,1547774,16550
230,2020-10-28,1563976,16202
231,2020-10-29,1581693,17717
232,2020-10-30,1599976,18283
233,2020-10-31,1618116,18140
234,2020-11-01,1636781,18665
235,2020-11-02,1655038,18257
236,2020-11-03,1673686,18648
237,2020-11-04,1693454,19768
238,2020-11-05,1712858,19404
239,2020-11-06,1733440,20582
240,2020-11-07,1753836,20396
241,2020-11-08,1774334,20498
242,2020-11-09,1796132,21798
243,2020-11-10,1817109,20977
244,2020-11-11,1836960,19851
245,2020-11-12,1858568,21608
246,2020-11-13,1880551,21983
247,2020-11-14,1903253,22702
248,2020-11-15,1925825,22572
249,2020-11-16,1948603,22778
250,2020-11-17,1971013,22410
251,2020-11-18,1991998,20985
252,2020-11-19,2015608,23610
253,2020-11-20,2039926,24318
254,2020-11-21,2064748,24822
255,2020-11-22,2089329,24581
256,2020-11-23,2114502,25173
257,2020-11-24,2138828,24326
258,2020-11-25,2162503,23675
259,2020-11-26,2187990,25487
260,2020-11-27,2215533,27543
261,2020-11-28,2242633,27100
262,2020-11-29,2269316,26683
263,2020-11-30,2295654,26338
264,2020-12-01,2322056,26402
265,2020-12-02,2347401,25345
266,2020-12-03,2375546,28145
267,2020-12-04,2402949,27403
268,2020-12-05,2431731,28782
269,2020-12-06,2460770,29039
270,2020-12-07,2488912,28142
271,2020-12-08,2515009,26097
272,2020-12-09,2541199,26190
273,2020-12-10,2569126,27927
274,2020-12-11,2597711,28585
275,2020-12-12,2625848,28137
276,2020-12-13,2653928,28080
277,2020-12-14,2681256,27328
278,2020-12-15,2707945,26689
279,2020-12-16,2734454,26509
280,2020-12-17,2762668,28214
281,2020-12-18,2791220,28552
282,2020-12-19,2819429,28209
283,2020-12-20,2848377,28948
284,2020-12-21,2877727,29350
285,2020-12-22,2906503,28776
286,2020-12-23,2933753,27250
287,2020-12-24,2963688,29935
288,2020-12-25,2992706,29018
289,2020-12-26,3021964,29258
290,2020-12-27,3050248,28284
291,2020-12-28,3078035,27787
292,2020-12-29,3105037,27002
293,2020-12-30,3131550,26513
294,2020-12-31,3159297,27747
295,2021-01-01,3186336,27039
296,2021-01-02,3212637,26301
297,2021-01-03,3236787,24150
298,2021-01-04,3260138,23351
299,2021-01-05,3284384,24246
300,2021-01-06,3308601,24217
301,2021-01-07,3332142,23541
302,2021-01-08,3355794,23652
303,2021-01-09,3379103,23309
304,2021-01-10,3401954,22851
305,2021-01-11,3425269,23315
306,2021-01-12,3448203,22934
307,2021-01-13,3471053,22850
308,2021-01-14,3495816,24763
309,2021-01-15,3520531,24715
310,2021-01-16,3544623,24092
311,2021-01-17,3568209,23586
312,2021-01-18,3591066,22857
313,2021-01-19,3612800,21734
314,2021-01-20,3633952,21152
315,2021-01-21,3655839,21887
316,2021-01-22,3677352,21513
317,2021-01-23,3698273,20921
318,2021-01-24,3719400,21127
319,2021-01-25,3738690,19290
320,2021-01-26,3756931,18241
321,2021-01-27,3774672,17741
322,2021-01-28,3793810,19138
323,2021-01-29,3813048,19238
324,2021-01-30,3832080,19032
325,2021-01-31,3850439,18359
326,2021-02-01,3868087,17648
327,2021-02-02,3884730,16643
328,2021-02-03,3901204,16474
329,2021-02-04,3917918,16714
330,2021-02-05,3934606,16688
331,2021-02-06,3951233,16627
332,2021-02-07,3967281,16048
333,2021-02-08,3983197,15916
334,2021-02-09,3998216,15019
335,2021-02-10,4012710,14494
336,2021-02-11,4027748,15038
337,2021-02-12,4042837,15089
338,2021-02-13,4057698,14861
339,2021-02-14,4071883,14185
340,2021-02-15,4086090,14207
341,2021-02-16,4099323,13233
342,2021-02-17,4112151,12828
343,2021-02-18,4125598,13447
344,2021-02-19,4139031,13433
345,2021-02-20,4151984,12953
346,2021-02-21,4164726,12742
347,2021-02-22,4177330,12604
348,2021-02-23,4189153,11823
349,2021-02-24,4200902,11749
350,2021-02-25,4212100,11198
351,2021-02-26,4223186,11086
352,2021-02-27,4234720,11534
353,2021-02-28,4246079,11359
354,2021-03-01,4257650,11571
355,2021-03-02,4268215,10565
356,2021-03-03,4278750,10535
357,2021-03-04,4290135,11385
358,2021-03-05,4301159,11024
359,2021-03-06,4312181,11022
360,2021-03-07,4322776,10595
361,2021-03-08,4333029,10253
362,2021-03-09,4342474,9445
363,2021-03-10,4351553,9079
364,2021-03-11,4360823,9270
365,2021-03-12,4370617,9794
366,2021-03-13,4380525,9908
367,2021-03-14,4390608,10083
368,2021-03-15,4400045,9437
369,2021-03-16,4409438,9393
370,2021-03-17,4418436,8998
371,2021-03-18,4428239,9803
372,2021-03-19,4437938,9699
373,2021-03-20,4447570,9632
374,2021-03-21,4456869,9299
375,2021-03-22,4466153,9284
376,2021-03-23,4474610,8457
377,2021-03-24,4483471,8861
378,2021-03-25,4492692,9221
379,2021-03-26,4501859,9167
380,2021-03-27,4510744,8885
381,2021-03-28,4519832,9088
382,2021-03-29,4528543,8711
383,2021-03-30,4536820,8277
384,2021-03-31,4545095,8275
385,2021-04-01,4554264,9169
386,2021-04-02,4563056,8792
387,2021-04-03,4572077,9021
388,2021-04-04,4580894,8817
389,2021-04-05,4589540,8646
390,2021-04-06,4597868,8328
391,2021-04-07,4606162,8294
392,2021-04-08,4614834,8672
393,2021-04-09,4623984,9150
394,2021-04-10,4632688,8704
395,2021-04-11,4641390,8702
396,2021-04-12,4649710,8320
397,2021-04-13,4657883,8173
398,2021-04-14,4666209,8326
399,2021-04-15,4675153,8944
400,2021-04-16,4684148,8995
401,2021-04-17,4693469,9321
402,2021-04-18,4702101,8632
403,2021-04-19,4710690,8589
404,2021-04-20,4718854,8164
405,2021-04-21,4727125,8271
406,2021-04-22,4736121,8996
407,2021-04-23,4744961,8840
408,2021-04-24,4753789,8828
409,2021-04-25,4762569,8780
410,2021-04-26,4771372,8803
411,2021-04-27,4779425,8053
412,2021-04-28,4787273,7848
413,2021-04-29,4796557,9284
414,2021-04-30,4805288,8731
415,2021-05-01,4814558,9270
416,2021-05-02,4823255,8697
417,2021-05-03,4831744,8489
418,2021-05-04,4839514,7770
419,2021-05-05,4847489,7975
420,2021-05-06,4855128,7639
421,2021-05-07,4863514,8386
422,2021-05-08,4871843,8329
423,2021-05-09,4880262,8419
424,2021-05-10,4888727,8465
425,2021-05-11,4896842,8115
426,2021-05-12,4905059,8217
427,2021-05-13,4913439,8380
428,2021-05-14,4922901,9462
429,2021-05-15,4931691,8790
430,2021-05-16,4940245,8554
431,2021-05-17,4949573,9328
432,2021-05-18,4957756,8183
433,2021-05-19,4965676,7920
434,2021-05-20,4974908,9232
435,2021-05-21,4983845,8937
436,2021-05-22,4992554,8709
437,2021-05-23,5001505,8951
438,2021-05-24,5009911,8406
439,2021-05-25,5017795,7884
440,2021-05-26,5026168,8373
441,2021-05-27,5035207,9039
442,2021-05-28,5044459,9252
443,2021-05-29,5053748,9289
444,2021-05-30,5063442,9694
445,2021-05-31,5071917,8475
446,2021-06-01,5081417,9500
447,2021-06-02,5090249,8832
448,2021-06-03,5099182,8933
449,2021-06-04,5108129,8947
450,2021-06-05,5117274,9145
451,2021-06-06,5126437,9163
452,2021-06-07,5135866,9429
453,2021-06-08,5145843,9977
454,2021-06-09,5156250,10407
455,2021-06-10,5167949,11699
456,2021-06-11,5180454,12505
457,2021-06-12,5193964,13510
458,2021-06-13,5208687,14723
459,2021-06-14,5222408,13721
460,2021-06-15,5236593,14185
461,2021-06-16,5249990,13397
462,2021-06-17,5264047,14057
463,2021-06-18,5281309,17262
464,2021-06-19,5299215,17906
465,2021-06-20,5316826,17611
466,2021-06-21,5334204,17378
467,2021-06-22,5350919,16715
468,2021-06-23,5368513,17594
469,2021-06-24,5388695,20182
470,2021-06-25,5409088,20393
471,2021-06-26,5430753,21665
472,2021-06-27,5451291,20538
473,2021-06-28,5472941,21650
474,2021-06-29,5493557,20616
475,2021-06-30,5514599,21042
476,2021-07-01,5538142,23543
477,2021-07-02,5561360,23218
478,2021-07-03,5585799,24439
479,2021-07-04,5610941,25142
480,2021-07-05,5635294,24353
481,2021-07-06,5658672,23378
482,2021-07-07,5682634,23962
483,2021-07-08,5707452,24818
484,2021-07-09,5733218,25766
485,2021-07-10,5758300,25082
486,2021-07-11,5783333,25033
487,2021-07-12,5808473,25140
488,2021-07-13,5833175,24702
489,2021-07-14,5857002,23827
490,2021-07-15,5882295,25293
491,2021-07-16,5907999,25704
492,2021-07-17,5933115,25116
493,2021-07-18,5958133,25018
494,2021-07-19,5982766,24633
495,2021-07-20,6006536,23770
496,2021-07-21,6030240,23704
497,2021-07-22,6054711,24471
498,2021-07-23,6078522,23811
499,2021-07-24,6102469,23947
500,2021-07-25,6126541,24072
501,2021-07-26,6149780,23239
502,2021-07-27,6172812,23032
503,2021-07-28,6195232,22420
504,2021-07-29,6218502,23270
505,2021-07-30,6242066,23564
506,2021-07-31,6265873,23807
